image_width: 800
image_height: 600
camera_name: camera
camera_matrix:
  rows: 3
  cols: 3
  data: [579.8565 ,   0.     , 403.21621,
           0.     , 581.34654, 278.88782,
           0.     ,   0.     ,   1.     ]
distortion_model: plumb_bob
distortion_coefficients:
  rows: 1
  cols: 5
  data: [0.003303, 0.013434, -0.000088, -0.003749, 0.000000]
rectification_matrix:
  rows: 3
  cols: 3
  data: [1., 0., 0.,
         0., 1., 0.,
         0., 0., 1.]
projection_matrix:
  rows: 3
  cols: 4
  data: [585.07709,   0.     , 399.0634 ,   0.     ,
           0.     , 588.88098, 278.59498,   0.     ,
           0.     ,   0.     ,   1.     ,   0.     ]
